234,2. 234,10. 282,10. 282,74. 298,74. 298,90. 314,90. 314,42. 378,42. 

378,58. 394,58. 394,74. 410,74. 410,90. 442,90. 442,106. 474,106. 474,202. 

458,202. 458,218. 442,218. 442,282. 474,282. 474,346. 458,346. 458,330. 426,330. 

426,346. 362,346. 362,314. 378,314. 378,330. 410,330. 410,314. 394,314. 394,298. 

378,298. 378,282. 394,282. 394,266. 410,266. 410,250. 378,250. 378,266. 362,266. 

362,250. 346,250. 346,266. 314,266. 314,250. 298,250. 298,234. 282,234. 282,250. 

250,250. 250,202. 218,202. 218,170. 234,170. 234,186. 250,186. 250,154. 330,154. 

330,122. 314,122. 314,106. 298,106. 298,122. 282,122. 282,90. 266,90. 266,122. 

250,122. 250,58. 234,58. 234,74. 218,74. 218,90. 202,90. 202,106. 234,106. 234,154. 

202,154. 202,138. 186,138. 186,170. 202,170. 202,234. 218,234. 218,250. 234,250.

234,266. 202,266. 202,250. 154,250. 154,266. 186,266. 186,298. 202,298. 202,314. 

218,314. 218,298. 234,298. 234,330. 250,330. 250,282. 266,282. 266,266. 298,266. 

298,282. 314,282. 314,298. 298,298. 298,314. 282,314. 282,330. 314,330. 314,362. 

330,362 330,394 298,394 298,410 282,410 282,426 298,426 298,474 282,474 

282,458 266,458 266,474 250,474 250,482